17628	2002
17432	1999
17360	2001
17235	2000
15767	1998
14892	1997
14359	2003
14031	1996
13548	1995
11796	1994
10602	1993
9906	1992
9389	1991
8661	1990
7937	1989
7493	1988
6529	1987
5841	1986
5839	2004
5343	1985
4986	1984
4499	1983
4197	1982
3279	1981
2676	1980
2208	1979
2131	1978
1897	1977
1599	1976
1219	1975
1024	1974
924	1973
773	1972
540	1971
459	1970
339	1969
233	1968
183	1966
176	1967
173	1965
149	1964
133	1960
132	1963
132	1961
123	1962
103	1959
77	1958
76	1957
74	1956
70	1955
63	1953
54	1954
46	2005
40	1951
36	1940
34	1952
33	1920
32	1950
19	1911
14	1942
14	1947
13	1946
13	1930
11	1949
11	1923
10	1941
9	1939
9	1948
8	1943
8	1945
7	2030
7	1901
7	1929
7	1936
7	1938
5	1937
5	1932
4	1933
4	1944
3	1931
3	2020
3	1900
3	2006
3	1935
2	2050
2	2011
2	2010
2	1928
2	1927
2	1926
2	1925
2	1924
2	1922
2	1921
2	1909
2	1902
1	1897
1	1806
1	2024
1	1919
1	1917
1	1914
1	2026
1	1910
1	1378
1	1908
1	1934
1	2008
1	2012
1	1906
1	1904
1	1376
1	2037
1	2038
1	2021
